1	5.77629e-05	0.000303358	0.000467596	0.000125597	0.0133799	0.00109034	0.00505911	0.000286768	0.0016296	0.000314662	0.00273758	0.00411867	0.00119207	0.00115961	0.00657366	0.00205086	0.00212277	5.68971e-05	2.5101e-05	0.000106887	0.000244767	0.000645553	0.00609919	3.64477e-05	0.00164794	0.000318071	0.0015904	0.000589577	0.00101638	0.00281896	0.00595064	0.00022994	0.0119756	0.000223238	0.000493533	0.00563674	0.00171403	0.000591903	0.00273344	0.000895537	0.00178905	0.000107944	0.00412973	0.000591389	0.00177845	0.00189254	0.000787358	0.00478254	0.00153896	0.00295216	0.00120165	1.97471e-05	1.569e-05	0.00126998	0.000474215	6.75112e-05	4.48551e-06	0.00354529	0.00436084	0.00218363	0.000111417	0.000502025	0.00732063	0.00165342	2.86984e-06	0.0063973	8.77661e-05	0.000295401	0.0149836	0.000518409	0.000396229	0.00185389	0.00031411	0.000168123	0.00142332	0.000477486	0.000339686	0.00237259	0.000453975	0.000430383	0.000607849	0.000195919	0.000118116	2.51956e-05	0.000706164	0.00117502	0.000897753	0.000153003	0.00180834	0.00115997
5.77629e-05	1	4.572e-05	0.00405052	0.00195304	0.000210668	0.0010866	6.05604e-05	0.000780772	0.00197523	0.000460647	0.00228939	9.21343e-07	0.00562727	1.16726e-05	0.000126101	0.00270607	0.000101479	0.00111463	0.00506102	3.72121e-05	0.00106671	0.000418547	0.00869028	0.00037806	0.00244337	8.09781e-06	0.00190569	0.00494364	0.000716567	7.81546e-05	0.00162682	2.78793e-05	0.00217302	0.000448132	4.77526e-05	2.24054e-05	0.0114312	0.00039668	0.00221421	0.00364456	0.000497152	0.00111648	0.00223499	0.00310563	0.000298516	0.00099153	0.000678851	0.00173286	0.00316122	0.00480836	0.00327745	0.000574479	0.000442922	7.08177e-05	0.0068965	2.61925e-05	0.00105876	0.000334019	0.00500501	0.00282571	0.0049307	0.000417181	0.0005119	0.000896194	1.56579e-05	4.59806e-08	0.00148877	0.00570038	0.00867158	0.0019541	0.00101982	8.78094e-06	0.000716669	0.00167539	0.00019326	0.00188508	0.000446269	1.07668e-05	9.89685e-05	0.000204625	0.000108588	0.00175328	3.63861e-08	0.00334925	0.0187837	0.000455696	0.00066308	0.0140854	0.0026333	3.98973e-05
0.000303358	4.572e-05	1	0.00035139	0.000829217	0.00185925	0.00196658	0.000560959	0.000100419	0.000368596	0.00061708	0.00258355	0.000499213	0.000249823	0.000126049	0.000122545	4.3301e-06	0.000444327	0.00071504	0.000655576	9.60844e-05	0.000471862	0.000588916	0.000634518	4.85045e-05	0.00589581	0.00438765	0.00859042	1.54304e-05	4.36201e-05	1.22246e-05	0.00780287	0.00155823	5.59583e-05	0.000547901	0.00929634	1.11029e-05	0.00209169	0.00461884	9.5989e-05	4.58317e-05	0.00128368	0.000108928	0.000739731	0.00357463	0.00048691	0.000535036	0.00282539	0.000677545	0.00531872	0.000713527	0.00172032	0.000826622	0.000157112	0.000719747	0.000506861	0.000327254	0.000329333	0.000334112	0.000169659	0.00649157	1.59911e-05	0.00260206	0.000625028	0.000501412	0.00403544	0.00674635	1.6035e-05	0.00110454	0.000179316	0.00290896	0.000374482	2.36222e-05	0.00715617	0.0140984	0.0180406	1.84958e-05	6.32613e-08	0.000591288	0.00424503	1.48294e-05	0.0121955	0.00259848	0.00592599	0.000461611	0.000516972	0.000482871	0.014287	0.000401743	0.00327977	0.000164703
0.000467596	0.00405052	0.00035139	1	0.0001405	0.0016553	0.00429374	0.000158613	0.00358818	0.00228986	0.000552061	1.37695e-05	0.0173397	0.000674729	0.00382556	0.000292583	6.33505e-07	0.00160079	0.00495114	0.00808549	0.000692859	0.00155394	0.00270571	3.36761e-05	0.00153581	0.00105318	0.0268044	6.05329e-08	0.00151394	0.00123132	8.17e-07	0.0026091	0.000568061	0.00134378	6.57467e-09	0.00340383	0.00389686	0.0171727	0.00288266	3.21479e-05	0.0113529	0.000495818	0.00274874	0.00373768	0.0004416	0.000591266	0.000182177	0.00726169	0.00083474	0.000615533	0.00793585	4.45879e-05	0.00119154	0.00180093	0.0023465	0.000508743	0.000209438	0.00148292	0.000152221	0.00189739	0.00797093	0.00316889	0.00762467	0.00128701	0.00115488	4.50854e-06	0.0126029	0.0124742	0.00148987	0.000454273	7.97522e-05	0.001165	4.38317e-06	0.000234128	0.00122663	0.00167386	0.00712499	0.00619638	0.00345991	3.14882e-06	0.0054094	3.09689e-05	0.00107504	0.00444006	0.00650499	0.00231237	0.0207326	0.00369192	0.00763338	0.000100134	0.0124831
0.000125597	0.00195304	0.000829217	0.0001405	1	1.75791e-05	0.00314343	2.52331e-06	0.0061072	0.00136382	0.000444714	0.000463324	0.000944372	0.00434083	3.06479e-05	0.000181795	0.000361128	0.00655589	6.54226e-06	0.000961235	0.000873697	0.003655	4.26519e-08	0.00328615	0.00194221	0.00530547	0.000315931	5.56924e-07	6.7792e-05	7.87711e-05	0.0020103	2.53664e-05	0.000755614	0.00106304	0.0191986	0.00141005	0.00379397	0.000722205	0.000603726	7.27974e-05	0.00695779	0.00647332	0.000286085	0.011089	0.000106128	0.000352564	4.76682e-05	0.00701101	0.000913752	0.0129542	0.00227528	1.78214e-05	0.00175208	5.25903e-06	0.000373525	0.0060317	2.09905e-06	0.0065388	0.00227733	0.000195404	0.00307484	0.00167313	0.00881246	0.000354296	1.50408e-05	1.3477e-06	0.00361128	0.00897866	0.000555766	0.00011983	1.05932e-06	0.000945729	0.00350952	0.00349469	0.00230883	0.000721472	0.00620133	2.31535e-06	0.000195276	8.09764e-05	0.000944073	0.000503847	0.000702054	0.000422178	0.00174767	0.00211982	0.00348949	0.000340843	0.00835587	0.00108257	0.00274393
0.0133799	0.000210668	0.00185925	0.0016553	1.75791e-05	1	0.00372678	3.7796e-05	1.7865e-06	0.000100034	9.71767e-05	0.00807475	0.00395221	0.0021123	0.00683722	0.000480635	0.000357273	0.00094551	0.000271058	2.36847e-05	0.00304765	4.89194e-05	0.000296608	3.81686e-05	0.00307807	0.0110552	0.000229889	0.00230889	0.00409022	0.00282437	0.00608318	0.00114836	0.00850247	0.00095167	2.65511e-05	0.00261295	0.00453165	9.02252e-06	0.00138644	0.00279582	0.00176933	0.0017376	0.00879276	0.00141627	2.78185e-06	0.00050941	0.000487904	3.16211e-06	0.000128763	0.00105562	0.000924875	0.00380299	0.00110502	0.000265269	0.0131652	0.000616849	0.00287228	0.0067146	0.00493274	0.00194683	0.000533194	0.000207961	0.00168596	3.24481e-05	8.93888e-05	2.82014e-05	0.00203977	0.000946355	0.000800828	0.000340338	8.83687e-05	0.00232862	0.00189911	6.46978e-05	0.000177811	2.89665e-06	9.06643e-05	4.8432e-06	0.00225247	0.00133639	0.00034506	0.000377241	0.00152939	8.58836e-05	0.00353889	0.00453985	2.0262e-06	0.0101951	0.00413201	0.000329565	0.00173394
0.00109034	0.0010866	0.00196658	0.00429374	0.00314343	0.00372678	1	1.00685e-06	0.0021121	0.00289461	0.000595765	0.000279167	0.000518833	7.92491e-07	1.78625e-06	1.50421e-05	0.00219918	0.000637567	9.62954e-05	0.000622762	0.00141934	0.00586915	0.00503901	0.00171346	0.00866528	0.000490441	0.00178712	2.02721e-05	0.000486222	0.0065083	8.78925e-05	0.000964795	0.0022495	0.00184272	0.00134067	0.00297031	3.8316e-05	0.00181976	0.00680691	0.000210587	0.00386538	0.00551009	1.24741e-05	0.000578699	0.00533144	0.00118186	0.00102425	0.00860781	0.00802812	0.00921442	9.11938e-06	0.000214745	0.0055623	0.000347937	0.000246023	4.74976e-05	0.00139361	0.00239897	0.000703396	0.00119702	5.95846e-05	0.00394165	2.10659e-05	0.0023179	0.0029527	0.000485027	1.96299e-05	3.37216e-05	1.1271e-05	0.00037663	0.00284189	5.51198e-05	0.00588106	9.68372e-06	0.0024411	0.00083349	0.00451864	0.00201059	0.000746804	0.0063936	0.0274431	0.00282086	0.00211284	0.000346011	0.00090744	0.00734206	0.00417165	0.000185116	4.2655e-06	0.00147369	0.00064002
0.00505911	6.05604e-05	0.000560959	0.000158613	2.52331e-06	3.7796e-05	1.00685e-06	1	0.00592822	4.75949e-05	0.00291438	0.00208556	9.37794e-06	4.80426e-05	0.00473515	0.000894396	0.000183653	0.00347558	0.000171506	0.000292445	0.00017142	0.00451038	0.00434362	0.00181395	7.44731e-05	8.61018e-06	0.000543973	7.86728e-05	0.00020887	0.000981586	5.04202e-05	5.37718e-06	3.85192e-05	1.76692e-05	0.000542588	6.56726e-05	0.0065325	0.00325982	0.00511034	9.18546e-06	0.000352153	0.000628918	0.000145014	0.00327655	0.00621087	0.00208735	0.00243478	0.000297383	0.000880209	0.000231381	0.000539112	0.00165298	0.000330886	0.00721861	0.000172608	0.00182301	0.00186167	9.79177e-06	0.000935732	0.00151766	0.000540633	0.0185973	0.00024	0.000430211	7.86753e-05	0.000125524	0.00182567	0.00113023	0.00669186	0.00282197	0.000795074	6.50788e-06	0.00218848	0.00460692	0.000844726	0.0024219	0.00134229	0.00126127	0.00481821	0.00282891	0.000205967	0.0128039	0.000490754	0.0039126	0.000449703	0.000100342	6.85051e-06	0.000454471	0.00224452	0.00133507	3.14067e-05
0.000286768	0.000780772	0.000100419	0.00358818	0.0061072	1.7865e-06	0.0021121	0.00592822	1	1.01155e-05	0.000399491	0.000120311	0.000254245	0.00217172	1.29192e-05	0.0010966	9.35407e-05	0.00156285	0.00228909	0.0086264	3.73427e-06	0.0131225	0.00294485	0.00119725	0.00134891	0.00434051	0.00122627	0.00576671	0.00920068	0.000295016	0.000407137	0.000570671	0.00631893	0.00176302	0.00112901	0.00020499	0.00209553	0.00095031	0.00175794	0.00375439	0.000697604	0.00323107	0.00637976	0.000415445	0.00283406	0.00114428	9.2738e-06	0.00145029	0.000622148	0.00049106	0.00085809	0.00173053	0.00268832	0.000163677	0.000892554	0.000900985	0.00177444	0.00364673	0.00344264	1.68169e-07	0.00274752	0.00134755	0.0103534	0.00102558	0.000706966	1.57129e-06	0.00069285	0.000984929	0.000348922	8.00202e-05	0.00869019	0.00385862	0.0017972	0.00499434	0.00105451	0.000573933	0.00259748	2.11428e-05	0.000833688	8.62755e-05	0.00365055	0.000661938	0.00516186	0.00652089	0.00118266	0.000776264	0.00055162	0.000611026	0.000162075	0.00202011	0.000720963
0.0016296	0.00197523	0.000368596	0.00228986	0.00136382	0.000100034	0.00289461	4.75949e-05	1.01155e-05	1	0.0388244	0.0181431	0.000118287	0.00593834	0.00720168	0.0052109	0.00572834	0.00104514	0.000542356	8.53603e-05	0.000900358	0.00410297	0.00228393	0.00282977	0.000195037	0.000768318	5.49775e-05	0.000286681	0.00161625	1.49531e-05	3.43693e-05	2.56655e-06	0.000213695	0.00883408	0.0114342	0.0024482	0.00175781	0.00124478	0.000446448	0.00283882	0.00262601	0.00200378	0.000135352	0.000179738	0.00391939	0.00439771	0.0036417	0.000120776	8.77848e-06	1.08407e-05	0.00012731	0.000344923	0.000647836	0.000552186	0.00154658	1.15463e-05	0.000756077	0.00161729	1.28115e-05	0.00195029	0.0023655	4.75317e-07	0.00113947	0.000313632	0.00124383	5.42898e-05	0.00155237	0.000168494	1.35881e-05	0.000703959	0.00873461	8.11341e-06	0.000237016	0.00653064	0.000233556	0.000302302	0.000292715	0.0025396	0.00114342	0.00819899	0.00865576	0.00317996	3.21315e-05	0.00190647	0.00308628	0.00011517	4.86093e-06	0.000221325	0.00389357	0.000358803	0.000314153
0.000314662	0.000460647	0.00061708	0.000552061	0.000444714	9.71767e-05	0.000595765	0.00291438	0.000399491	0.0388244	1	0.0282906	0.000269263	0.000684908	0.000592885	0.00155161	0.00237886	5.59686e-05	0.0022526	0.00135155	0.00817622	0.000478909	0.00509494	0.0017545	0.0106191	0.00407997	0.000294504	0.000954609	0.0118999	2.00997e-05	9.17567e-05	0.00415173	0.000394746	9.7586e-05	0.00194094	0.00035241	0.00242747	0.00406745	3.91673e-06	0.00248151	0.00160481	0.00143006	8.82211e-06	0.000212203	0.00133055	0.00388328	0.00241421	0.000542234	0.00525752	0.00401086	0.00181373	0.00255427	0.000630371	0.00115703	0.00197536	0.00154893	0.00121982	0.00308205	0.000611471	0.00349822	0.00202011	0.00188315	0.0031117	5.20773e-08	0.00730118	0.00193294	0.000363489	0.0169605	3.59761e-05	0.000899934	0.00201651	0.00421056	0.000319212	0.000134157	0.00143977	3.33409e-05	0.00102884	3.63477e-05	0.000573109	0.0101388	0.000341685	0.000597448	0.00447445	5.18784e-07	0.00161004	0.00304571	0.000401828	0.003217	0.000395095	0.000809594	1.58303e-05
0.00273758	0.00228939	0.00258355	1.37695e-05	0.000463324	0.00807475	0.000279167	0.00208556	0.000120311	0.0181431	0.0282906	1	0.00376169	0.00196017	0.00313537	0.00442478	0.000239945	0.00416591	8.97426e-07	0.00245606	0.000135881	0.000330268	0.00381113	0.000317281	0.000581756	0.000396408	0.000854707	0.00786069	0.00351039	3.00334e-06	9.67933e-05	5.25854e-05	0.00218779	0.00415034	0.00193452	0.000791509	0.000544859	0.000418909	0.00406578	0.00130557	0.000860073	4.80088e-05	0.0038445	0.00340098	0.000587478	0.000289299	0.00506275	2.48721e-06	4.14398e-05	0.000686681	0.000609447	1.80861e-06	0.0085665	7.85667e-06	0.00293592	0.00393371	0.00477119	0.000891542	0.00118171	7.64889e-05	0.00361191	0.000263794	9.49551e-06	0.000145584	0.000553942	0.000252919	0.00233613	0.000169953	0.00213983	0.000154397	3.53003e-05	1.71747e-05	0.00211748	0.000406791	9.44157e-06	2.82035e-05	0.00406326	0.000147848	1.69398e-05	0.00240336	0.00355048	0.00334898	0.00502187	1.27976e-05	0.000731925	0.000472077	0.00280321	0.00511349	1.52997e-07	0.000285752	0.00217945
0.00411867	9.21343e-07	0.000499213	0.0173397	0.000944372	0.00395221	0.000518833	9.37794e-06	0.000254245	0.000118287	0.000269263	0.00376169	1	1.39254e-05	0.00901012	0.00396327	0.00947308	0.00235136	0.00169207	1.8312e-05	3.7075e-06	0.000538863	0.00228387	3.40673e-05	0.00278894	0.00292487	0.0127344	2.42716e-05	0.0116846	0.00475758	0.000321752	0.0135266	0.000304487	0.000623853	0.000899439	0.00399532	0.00038403	0.000109879	0.000995294	0.00220701	0.0019964	0.00102482	0.0008039	0.0029314	0.00102557	0.000749792	0.00048799	0.000206453	0.00293386	0.000113246	0.000270403	0.00297608	0.00154479	0.0109443	0.00406761	1.21825e-05	0.00148075	0.000218947	0.00442395	0.00309072	0.000522025	0.0116545	0.000469738	3.04726e-05	0.000239236	0.00189721	0.00532531	0.00115904	2.44365e-05	0.00635178	0.0067594	0.000139972	0.000525492	0.00113709	0.000604034	0.000527214	0.00216674	0.000146695	0.000526667	4.08235e-06	0.00542529	0.00391178	0.00133732	1.39227e-05	0.00863777	0.0165083	0.000823383	0.000377394	0.000457245	0.000475339	0.000204745
0.00119207	0.00562727	0.000249823	0.000674729	0.00434083	0.0021123	7.92491e-07	4.80426e-05	0.00217172	0.00593834	0.000684908	0.00196017	1.39254e-05	1	0.00123596	2.45872e-05	6.05291e-06	0.000752451	0.00673456	0.000374206	0.00730271	0.00390363	0.0021341	0.00435861	4.54013e-05	0.00158749	8.7466e-07	0.00868178	0.00316945	0.00016141	0.000999638	0.000364857	0.00119025	4.20103e-05	0.0067305	5.27198e-05	0.0010062	0.0036133	0.000374691	0.00649804	0.00105996	0.000346895	0.000294641	0.000310426	0.00142258	0.000224037	7.84124e-05	0.000481329	0.000106967	0.0030862	0.00374782	1.90725e-05	0.000827149	0.00104791	0.000926818	0.0070696	0.000262	2.80149e-05	0.000526767	0.00111683	0.00132437	0.000359911	4.06085e-05	0.00484921	0.0018028	0.00622366	0.000214804	0.000240262	3.85554e-05	0.000262901	1.32299e-05	0.00112148	0.000135634	0.000164628	0.000261507	0.000196739	0.000274775	0.00302572	4.29676e-05	0.000172615	0.000707864	0.000734986	0.0096277	0.000469018	0.00219284	0.000813589	0.000541176	0.00124341	8.22256e-06	4.18906e-08	0.00307431
0.00115961	1.16726e-05	0.000126049	0.00382556	3.06479e-05	0.00683722	1.78625e-06	0.00473515	1.29192e-05	0.00720168	0.000592885	0.00313537	0.00901012	0.00123596	1	0.00545074	0.00561367	0.000274582	0.00157586	0.00035207	0.00345347	0.000245583	0.00150349	0.00155439	0.00151791	0.000760299	0.000118813	0.00439032	0.00308637	0.000123332	0.00052656	0.00042103	0.00471762	4.41322e-05	2.47024e-06	0.000502424	0.0030518	2.28638e-05	0.00141738	0.00532765	0.000292585	0.00684807	0.000366866	0.000157127	0.0108919	0.00556005	0.00398029	0.0126233	0.000432004	0.00129416	1.2546e-07	0.000510107	0.0015298	0.000322634	0.000261445	0.000401081	0.00721148	9.35665e-05	0.00884706	6.96034e-05	0.00171196	0.00402325	0.0099301	4.17431e-05	6.20943e-07	0.000274203	0.00129314	0.000768076	0.00885758	0.00198984	0.000304402	4.49748e-05	4.9495e-05	0.00139768	0.00175647	0.000900058	0.000355606	0.000352516	0.00190636	0.0132552	0.00183007	0.000364841	0.000124351	8.73708e-06	0.00458613	0.00118247	0.00914825	0.00243221	0.000211501	0.0047298	0.000107387
0.00657366	0.000126101	0.000122545	0.000292583	0.000181795	0.000480635	1.50421e-05	0.000894396	0.0010966	0.0052109	0.00155161	0.00442478	0.00396327	2.45872e-05	0.00545074	1	7.19233e-06	1.4215e-05	5.94564e-05	0.00333877	0.00194087	0.00138522	0.000957806	0.00152069	6.33188e-06	0.00118395	0.000309308	0.000777599	0.000616097	0.000747326	0.000534606	5.79592e-06	0.00134251	3.13603e-07	0.000978752	0.000902746	0.000449011	0.00310207	0.0034943	1.69323e-07	1.80237e-05	0.00201287	0.000144889	0.000119867	0.00290605	0.00412326	2.79828e-05	0.000443656	0.00268683	0.00249706	0.00286833	7.85736e-05	0.00240145	0.00271691	2.54796e-07	0.000112566	0.00274333	0.00399412	2.39358e-08	0.00154979	8.76991e-05	0.000665823	0.000842893	0.000389471	8.00395e-06	0.000285346	2.42636e-05	2.57342e-05	0.00185398	0.00292672	0.0008056	0.000243143	0.00180529	0.00102132	0.000842394	2.74977e-05	0.00184405	0.00486587	0.00662113	1.53466e-05	0.00267068	0.00137942	0.00372683	0.00666217	0.00192383	0.000135794	0.00065736	0.0048921	0.000122794	0.00371846	0.00125149
0.00205086	0.00270607	4.3301e-06	6.33505e-07	0.000361128	0.000357273	0.00219918	0.000183653	9.35407e-05	0.00572834	0.00237886	0.000239945	0.00947308	6.05291e-06	0.00561367	7.19233e-06	1	0.000496115	0.00338018	2.2719e-05	4.2631e-07	0.00296056	0.000437416	0.0040703	0.000723935	0.00331141	0.000758414	0.000182618	0.000816819	3.35756e-05	0.000127777	0.00134874	0.000250167	0.000238562	0.00127251	0.00209743	0.00144383	0.000531365	5.62319e-05	4.59829e-08	9.71574e-05	4.81879e-05	1.77519e-06	0.000624406	4.75425e-05	0.000194434	0.0026458	0.00270241	0.00901195	0.000284462	0.00032961	0.000722258	7.96594e-05	0.000567146	1.6332e-06	4.61237e-05	0.00328444	0.000295793	0.00464061	0.00846241	0.000410528	7.02234e-06	0.000289686	0.00385275	9.05573e-06	0.000670214	0.000615841	0.000208492	0.000115903	0.00202567	0.000154166	0.000655905	1.57389e-06	0.000643659	2.50194e-05	0.00121715	0.00412072	0.00124572	8.83955e-05	0.00746955	2.34423e-06	0.000226596	7.81405e-07	0.000163226	0.00127615	0.000190631	0.00169541	0.0115631	0.00011463	5.37617e-05	0.0122913
0.00212277	0.000101479	0.000444327	0.00160079	0.00655589	0.00094551	0.000637567	0.00347558	0.00156285	0.00104514	5.59686e-05	0.00416591	0.00235136	0.000752451	0.000274582	1.4215e-05	0.000496115	1	0.00114974	0.000796946	0.000711654	0.00115747	0.00606212	2.3808e-06	0.00046073	0.00651627	0.00386297	0.0226141	0.00310177	0.00609891	0.00221362	6.301e-05	0.00035307	9.1355e-05	0.0053681	0.000398276	8.55876e-05	5.36882e-07	0.00355227	0.00140183	0.00588081	0.00563231	0.0111382	0.00258345	0.000837885	0.000157856	4.05424e-07	0.000399772	0.00545649	0.00293386	0.00083497	0.000102904	0.000163114	0.000154012	6.10917e-05	0.000837326	0.0125039	0.00174793	0.000427911	3.60086e-08	0.000925565	0.00248753	2.22204e-05	0.0105321	0.000502645	0.012167	0.00226144	2.89046e-05	1.94481e-05	0.00161897	0.000897479	4.49827e-05	0.00205137	0.00240614	0.00132705	3.97353e-07	0.00438815	0.000462516	0.00015839	0.00325374	1.18186e-05	9.16127e-06	0.00276055	0.0022951	1.37871e-05	0.00093699	0.00253219	0.00569912	0.000386409	0.000322986	0.000210943
5.68971e-05	0.00111463	0.00071504	0.00495114	6.54226e-06	0.000271058	9.62954e-05	0.000171506	0.00228909	0.000542356	0.0022526	8.97426e-07	0.00169207	0.00673456	0.00157586	5.94564e-05	0.00338018	0.00114974	1	0.000417868	0.00613328	0.00283338	4.87093e-06	0.000107117	0.000338561	0.024431	0.00139658	0.000377363	0.000480951	0.00410645	5.38616e-06	0.00486679	0.0145775	0.00138443	0.00039283	0.00011994	0.00638967	0.00104747	3.55702e-06	0.00226006	0.000100517	0.00171247	0.00522937	0.0025862	0.00319913	0.00167624	0.00443416	0.0115678	0.00265048	0.00784985	0.00130046	0.000153684	0.0101928	0.00116547	4.60967e-05	0.00313445	0.00104884	0.00812933	0.00111798	0.000125808	0.00197102	0.00230498	0.000461778	0.00609825	0.000194926	0.00424662	0.0106447	0.0109449	0.00789028	0.000691512	0.00117122	0.00475061	0.00787094	0.00953701	0.000206826	4.7375e-05	0.000727543	0.000675434	0.00169033	6.34704e-05	0.000266166	0.000360698	5.03547e-06	0.00768036	8.62289e-05	0.00254899	0.00284057	0.00133328	7.99216e-07	5.09012e-06	0.00143853
2.5101e-05	0.00506102	0.000655576	0.00808549	0.000961235	2.36847e-05	0.000622762	0.000292445	0.0086264	8.53603e-05	0.00135155	0.00245606	1.8312e-05	0.000374206	0.00035207	0.00333877	2.2719e-05	0.000796946	0.000417868	1	0.00779316	0.000384103	0.00361175	0.00632988	0.000884457	0.00934278	0.000163696	0.0033393	0.00188172	0.000199055	0.00226439	0.000994918	0.000450294	0.00213529	0.00110269	0.000153869	2.00272e-05	0.00165345	0.0040559	0.00358974	0.000355222	0.000494436	0.00163238	0.000990823	0.0002753	0.00042306	0.000508051	1.34838e-05	0.00488322	8.79564e-05	0.00417216	0.000871761	0.0023844	0.000335906	0.00268551	0.00358042	0.00322043	0.00193283	0.00829463	0.0012112	0.00284797	0.00101688	0.000956369	0.000930364	0.00787705	0.00242717	0.00219736	0.0039513	0.00325685	0.00488951	0.00197395	0.00168759	0.00139708	7.90864e-06	0.00124112	6.19311e-05	0.000963691	0.00037764	0.000514895	0.00216405	0.00294482	0.00102761	0.00249725	0.000962643	2.98454e-05	0.00032526	0.00230403	0.00245129	0.00535175	8.1526e-05	0.00211766
0.000106887	3.72121e-05	9.60844e-05	0.000692859	0.000873697	0.00304765	0.00141934	0.00017142	3.73427e-06	0.000900358	0.00817622	0.000135881	3.7075e-06	0.00730271	0.00345347	0.00194087	4.2631e-07	0.000711654	0.00613328	0.00779316	1	0.000671879	0.00237658	0.00220342	0.00898718	0.000978757	6.11225e-06	0.000971378	0.0023904	0.0065139	0.00761814	0.00016844	8.52009e-06	3.97424e-06	0.00285049	5.11317e-05	0.00010925	0.00351012	0.00015438	0.00336135	0.000902332	0.000390655	7.10809e-05	0.0023117	0.0018601	0.000468594	2.95795e-06	5.38442e-05	0.00364991	0.00453378	0.000454121	2.16047e-05	0.00370722	3.89095e-05	0.00220481	0.00144887	0.00603599	0.00285062	0.00559654	0.00458001	0.000641301	8.32112e-06	0.00663083	0.00522549	0.0098391	0.00284921	0.00223617	0.00174439	0.000295428	0.00463787	0.000239422	0.00267884	0.000132252	4.17395e-07	0.000268534	0.000155519	0.000121179	0.00361563	0.00460824	0.00155141	1.54277e-07	0.00162887	0.00124623	0.00362197	0.00124617	7.32415e-05	0.00274806	0.0102491	5.91913e-05	0.000445321	0.00135521
0.000244767	0.00106671	0.000471862	0.00155394	0.003655	4.89194e-05	0.00586915	0.00451038	0.0131225	0.00410297	0.000478909	0.000330268	0.000538863	0.00390363	0.000245583	0.00138522	0.00296056	0.00115747	0.00283338	0.000384103	0.000671879	1	0.000996907	0.00491137	0.00078229	0.000148764	0.00146957	0.00028112	0.000678069	0.00909364	0.000172457	0.00093054	0.000711305	2.37328e-05	0.00181669	0.00288892	0.00510166	0.00226053	0.00107571	0.00145989	0.00131638	0.00110993	0.00078953	0.000160259	0.000276105	0.00536046	0.00188529	0.00138165	0.00842674	0.00239087	0.000346137	0.00193265	0.0012488	0.00579321	8.46728e-05	0.000156058	0.000880126	0.00163875	0.00381109	0.000113068	0.000999421	0.000620546	0.00200439	0.0004137	0.00173946	0.000858558	0.00112893	0.00486952	9.79157e-07	0.000960463	0.0058675	0.00177645	0.000614384	1.52334e-05	0.00151868	0.00614246	5.50187e-06	2.58947e-05	0.00923166	1.82223e-05	7.88504e-05	0.00199797	0.00191673	0.00073729	0.000102607	0.00194735	7.51353e-06	2.62085e-05	0.00184902	0.00107273	0.00175965
0.000645553	0.000418547	0.000588916	0.00270571	4.26519e-08	0.000296608	0.00503901	0.00434362	0.00294485	0.00228393	0.00509494	0.00381113	0.00228387	0.0021341	0.00150349	0.000957806	0.000437416	0.00606212	4.87093e-06	0.00361175	0.00237658	0.000996907	1	0.00022164	0.000572844	1.65555e-06	0.00196595	0.00375797	5.04734e-05	1.41482e-05	0.000464924	0.00228685	0.00055678	0.00027357	0.0027451	0.000316934	0.000124458	0.000963761	0.00605487	0.00750308	0.00406694	0.000265309	0.000204076	0.00297189	0.000767468	6.7452e-05	1.1376e-05	0.0033661	0.00024853	0.00504399	0.00184969	0.000285167	0.000220209	3.49675e-05	0.00657868	0.00174874	0.0080302	0.000354984	0.00196786	0.0114191	0.000500361	0.00150977	0.000176431	0.00154355	0.000571076	0.000766139	0.0172165	0.00101927	0.000164252	0.000100372	0.000172617	0.0039586	0.000662356	0.000930708	0.000576404	0.000325049	0.00285232	1.53948e-05	0.000172303	0.00651205	0.00839297	0.000638022	0.00129134	0.00340984	0.000702779	5.78635e-06	0.000619612	0.00465513	0.00536303	7.33324e-05	0.00104547
0.00609919	0.00869028	0.000634518	3.36761e-05	0.00328615	3.81686e-05	0.00171346	0.00181395	0.00119725	0.00282977	0.0017545	0.000317281	3.40673e-05	0.00435861	0.00155439	0.00152069	0.0040703	2.3808e-06	0.000107117	0.00632988	0.00220342	0.00491137	0.00022164	1	0.00176263	0.000653006	0.00247909	0.00820205	0.000767246	0.00485639	0.00472417	2.97785e-06	0.000307895	0.000126519	0.000401972	7.17545e-05	0.00187119	0.00424534	1.02453e-05	0.00686947	4.36611e-08	8.11741e-05	0.000841328	0.00342772	0.000148878	7.81803e-05	0.0018613	0.00259424	0.00336192	5.01849e-05	0.00326297	0.000207858	0.00266261	0.00012229	0.0013443	0.00115963	7.44505e-07	0.00010489	0.00154286	0.000109269	0.00221464	0.000220696	9.0017e-05	0.00153256	0.000840142	0.000704389	0.00187096	0.00785334	0.00896085	7.40452e-06	0.00542818	0.00221446	4.75925e-05	0.00307308	0.000440261	7.48493e-05	0.000380857	0.000554335	0.00398774	0.00127319	0.00557481	5.35262e-05	0.000823534	0.00138335	0.00301017	0.00202131	1.43801e-05	0.00386588	0.00104499	0.0012488	0.000292138
3.64477e-05	0.00037806	4.85045e-05	0.00153581	0.00194221	0.00307807	0.00866528	7.44731e-05	0.00134891	0.000195037	0.0106191	0.000581756	0.00278894	4.54013e-05	0.00151791	6.33188e-06	0.000723935	0.00046073	0.000338561	0.000884457	0.00898718	0.00078229	0.000572844	0.00176263	1	0.0378029	0.00423346	0.000431369	0.000158458	0.000255661	0.00181536	0.00255814	0.00257152	0.000697919	6.84354e-08	0.000432828	0.00169998	0.00122275	6.67458e-05	0.00148864	0.000366173	0.000714497	0.000166825	0.000961196	4.81315e-05	0.00135586	0.000725891	0.00140813	0.00422892	0.0011356	0.00504247	0.00126808	4.59614e-06	0.000166585	0.0016226	0.000317782	0.000487656	0.000934723	0.000873945	1.35539e-05	0.00475658	0.00186768	2.31407e-05	0.000517351	9.49947e-05	0.0236521	0.000299019	0.00535517	0.000115215	0.00138557	0.000560373	5.74855e-05	0.00167723	0.00143268	0.000704984	0.00258465	6.96396e-05	0.00242958	0.00178088	0.00191035	0.000769372	0.00103811	0.0180955	0.00245015	0.000115891	7.49799e-05	0.000989345	0.000486888	0.000133061	0.000547504	0.00126609
0.00164794	0.00244337	0.00589581	0.00105318	0.00530547	0.0110552	0.000490441	8.61018e-06	0.00434051	0.000768318	0.00407997	0.000396408	0.00292487	0.00158749	0.000760299	0.00118395	0.00331141	0.00651627	0.024431	0.00934278	0.000978757	0.000148764	1.65555e-06	0.000653006	0.0378029	1	0.000820831	0.00743526	0.0029528	0.0057323	0.00553952	0.00174347	0.000243665	0.00189634	0.0134503	0.0049384	0.000916805	0.00422386	0.0226841	0.000229455	0.000108315	0.000484245	0.00180221	6.84747e-06	4.35299e-05	0.000308282	6.1694e-05	7.2035e-07	0.0110127	0.00109632	0.00678494	0.00215093	0.00101273	0.000211036	1.45418e-05	0.000199311	5.99746e-06	0.00026277	0.00163821	0.000513835	0.000113521	0.00203092	0.00275151	0.00053777	0.0028328	7.75145e-07	0.00345252	8.9529e-05	0.000728425	0.0025949	9.67379e-05	0.00243984	0.013145	0.00199568	0.00241257	0.000217867	2.27802e-07	0.0123675	0.00012229	0.000606525	0.00358598	0.000516474	0.00316174	0.00398687	0.0013242	0.00360922	0.00610084	8.30818e-05	0.00105294	0.000720011	0.000227235
0.000318071	8.09781e-06	0.00438765	0.0268044	0.000315931	0.000229889	0.00178712	0.000543973	0.00122627	5.49775e-05	0.000294504	0.000854707	0.0127344	8.7466e-07	0.000118813	0.000309308	0.000758414	0.00386297	0.00139658	0.000163696	6.11225e-06	0.00146957	0.00196595	0.00247909	0.00423346	0.000820831	1	0.000423008	0.00648121	0.00102479	0.00178533	4.71875e-05	0.000125148	0.00204032	0.0067329	0.00604798	3.93333e-05	0.00442908	0.0039902	9.15158e-05	0.00517463	0.0012654	0.00606179	3.3268e-06	5.4921e-06	0.000480808	4.79742e-07	0.00118888	8.47512e-06	4.37606e-05	0.00313214	0.000482437	0.00133841	8.46718e-06	3.84203e-06	0.00428588	0.00278524	0.00563529	0.000337954	0.00186895	0.000298969	2.56324e-05	0.000161299	0.00145324	0.0141594	3.09083e-05	0.0106054	0.00514948	0.0130989	6.5597e-05	0.0117527	0.00148552	0.000176426	0.0160225	4.24704e-07	0.00289956	0.00059823	0.000253721	0.000180723	0.0016971	0.00631633	0.00286848	0.00156404	0.000130697	0.000165124	0.000737575	1.20914e-05	0.00348489	0.00124738	7.70703e-05	0.00277778
0.0015904	0.00190569	0.00859042	6.05329e-08	5.56924e-07	0.00230889	2.02721e-05	7.86728e-05	0.00576671	0.000286681	0.000954609	0.00786069	2.42716e-05	0.00868178	0.00439032	0.000777599	0.000182618	0.0226141	0.000377363	0.0033393	0.000971378	0.00028112	0.00375797	0.00820205	0.000431369	0.00743526	0.000423008	1	0.00631205	3.45484e-05	0.00188096	0.00116369	0.000399939	0.000371555	4.96212e-05	0.00147992	0.000681585	0.00429506	2.40548e-07	0.0133879	0.00337423	0.000857786	0.000713898	0.000475641	0.0032966	0.00274177	0.000130076	0.000153024	0.002163	0.000833811	0.000565053	0.000399378	0.000317716	0.00269279	0.00942039	2.36651e-05	0.000383706	0.000429995	0.00127643	3.01667e-06	0.000434543	0.00158203	1.29103e-05	2.28744e-05	0.0082199	0.00384624	1.12948e-05	0.00245777	0.00246113	0.00207838	0.00139174	0.0102253	0.0189299	0.0060757	0.000715364	0.00230973	0.000794189	0.0029645	0.00130355	0.00103294	2.93315e-05	0.000140187	0.00839311	0.00130652	2.69525e-05	0.000968855	0.000869877	0.00221368	0.00941785	7.36236e-05	0.00277217
0.000589577	0.00494364	1.54304e-05	0.00151394	6.7792e-05	0.00409022	0.000486222	0.00020887	0.00920068	0.00161625	0.0118999	0.00351039	0.0116846	0.00316945	0.00308637	0.000616097	0.000816819	0.00310177	0.000480951	0.00188172	0.0023904	0.000678069	5.04734e-05	0.000767246	0.000158458	0.0029528	0.00648121	0.00631205	1	0.00363128	0.00666199	0.00691776	0.00455661	0.00412876	0.000134234	0.00171656	0.00104098	1.24703e-05	0.00050938	0.00159542	0.000621688	0.000449376	0.00161591	0.00197815	0.000225612	0.00208701	0.00348311	0.00384827	0.00474272	1.84219e-06	6.76169e-05	0.0015925	0.00123808	0.000277833	0.000477661	0.00433586	0.00334322	0.00158373	0.000371936	0.00245552	0.00457922	0.00939369	0.000567935	0.000509307	0.0256657	0.000211046	0.00288249	0.0012575	0.00410554	0.00156198	0.00243262	0.00355085	0.000258321	0.00232114	0.000224271	0.00171253	6.20229e-05	0.000658857	0.0146912	0.00015443	0.00331217	0.000332634	5.21784e-05	3.72625e-05	1.34703e-05	0.0331598	0.000605472	0.000597063	0.00400685	0.00188051	0.00190914
0.00101638	0.000716567	4.36201e-05	0.00123132	7.87711e-05	0.00282437	0.0065083	0.000981586	0.000295016	1.49531e-05	2.00997e-05	3.00334e-06	0.00475758	0.00016141	0.000123332	0.000747326	3.35756e-05	0.00609891	0.00410645	0.000199055	0.0065139	0.00909364	1.41482e-05	0.00485639	0.000255661	0.0057323	0.00102479	3.45484e-05	0.00363128	1	4.71709e-05	0.00461479	0.000665474	0.00285836	0.00191352	0.00117512	0.00104833	0.00442452	0.00054468	0.00451594	0.00178591	0.00606097	5.65863e-05	0.000113275	0.000360455	0.00110845	0.00481515	0.000824997	0.00280857	0.000127778	0.000416946	0.00110396	4.03862e-05	5.10215e-06	0.000820634	0.000579865	0.00251634	0.00314817	0.000116564	2.20863e-05	0.00274414	0.00672333	0.00118036	1.76996e-05	0.0101666	0.00604613	0.00855876	2.772e-05	0.00148876	0.000390621	2.23062e-05	1.82582e-07	0.00159861	0.0041803	0.00119351	0.000988668	0.00117535	0.000977785	0.000313504	0.00123211	0.00314916	0.00119452	0.00874925	0.000532019	0.0045348	0.0115066	0.00150156	0.00123289	0.00113457	0.00274093	0.0183238
0.00281896	7.81546e-05	1.22246e-05	8.17e-07	0.0020103	0.00608318	8.78925e-05	5.04202e-05	0.000407137	3.43693e-05	9.17567e-05	9.67933e-05	0.000321752	0.000999638	0.00052656	0.000534606	0.000127777	0.00221362	5.38616e-06	0.00226439	0.00761814	0.000172457	0.000464924	0.00472417	0.00181536	0.00553952	0.00178533	0.00188096	0.00666199	4.71709e-05	1	2.30649e-06	0.00931348	0.00451167	2.16548e-06	0.00291629	0.000440007	0.000890154	0.0137253	0.00549916	2.17127e-06	0.00194935	9.18812e-06	1.36945e-06	3.71102e-06	0.0033194	0.00876432	0.000924912	0.00507488	9.69639e-07	2.15043e-05	0.000402623	0.00434655	0.00032283	0.000354207	0.00079369	0.0007449	0.00278932	0.00168672	0.00112931	0.000129721	0.0111211	0.000923445	6.11337e-05	0.000607261	0.00277182	0.0046414	0.00159663	0.00091176	0.00485267	0.000850826	0.000562544	6.28025e-08	1.7532e-05	0.00270824	8.3673e-05	0.000353355	0.00187331	0.0013542	0.000282175	0.000709721	0.000116261	0.00550524	0.000741927	6.96259e-05	0.00167168	0.00540452	0.00354724	0.000186983	0.000304043	3.33233e-05
0.00595064	0.00162682	0.00780287	0.0026091	2.53664e-05	0.00114836	0.000964795	5.37718e-06	0.000570671	2.56655e-06	0.00415173	5.25854e-05	0.0135266	0.000364857	0.00042103	5.79592e-06	0.00134874	6.301e-05	0.00486679	0.000994918	0.00016844	0.00093054	0.00228685	2.97785e-06	0.00255814	0.00174347	4.71875e-05	0.00116369	0.00691776	0.00461479	2.30649e-06	1	1.23709e-06	0.000874056	0.00168882	0.00668054	3.66275e-05	0.000639379	0.000204631	0.00578001	0.00905507	4.74692e-05	0.00235931	7.082e-05	0.000948305	0.00256674	6.14682e-05	0.0030892	0.0020418	0.00240757	0.000648217	0.00014073	0.000514718	0.00256032	0.000859993	0.00303364	3.39265e-05	7.04125e-05	4.04222e-08	5.48055e-06	0.000815641	0.00018601	0.00334791	0.000139385	0.00087541	0.00500097	0.000338233	0.000175022	0.00125741	7.7101e-05	1.1578e-05	0.00133675	0.000118699	3.51996e-05	0.00021016	0.000270429	0.00718667	0.00232546	0.00351846	3.10236e-07	0.00647723	0.000702507	0.00767113	0.000960442	9.148e-06	0.00162932	0.0084029	0.00110245	0.000964157	0.000842971	4.44871e-05
0.00022994	2.78793e-05	0.00155823	0.000568061	0.000755614	0.00850247	0.0022495	3.85192e-05	0.00631893	0.000213695	0.000394746	0.00218779	0.000304487	0.00119025	0.00471762	0.00134251	0.000250167	0.00035307	0.0145775	0.000450294	8.52009e-06	0.000711305	0.00055678	0.000307895	0.00257152	0.000243665	0.000125148	0.000399939	0.00455661	0.000665474	0.00931348	1.23709e-06	1	0.00656307	0.00229618	0.0013627	0.000314668	0.000642724	0.00355769	0.00380229	0.00137585	0.00177264	0.00146747	0.000186675	0.00121373	0.00128323	0.00488123	0.00525179	0.00578134	0.00211586	0.000984716	0.00630743	0.000257651	0.000967957	0.000159206	1.91911e-05	5.71704e-05	0.00019019	0.00187264	0.00899896	0.000208702	5.02448e-05	0.00139096	0.000599217	0.00261311	3.55535e-06	0.00810047	0.000142666	0.00512555	1.50022e-06	0.00326463	0.00018417	0.000233502	0.000961343	0.00108998	0.00160868	2.62086e-05	0.00121138	0.000298575	0.00262797	8.78836e-05	0.00643566	1.54876e-05	0.00029352	0.00254284	0.00178669	0.00703568	0.000998906	0.00924394	6.11341e-05	0.0106609
0.0119756	0.00217302	5.59583e-05	0.00134378	0.00106304	0.00095167	0.00184272	1.76692e-05	0.00176302	0.00883408	9.7586e-05	0.00415034	0.000623853	4.20103e-05	4.41322e-05	3.13603e-07	0.000238562	9.1355e-05	0.00138443	0.00213529	3.97424e-06	2.37328e-05	0.00027357	0.000126519	0.000697919	0.00189634	0.00204032	0.000371555	0.00412876	0.00285836	0.00451167	0.000874056	0.00656307	1	0.0020381	0.00110807	0.00437919	0.00076977	4.77763e-05	0.000101594	0.00274589	0.000211504	6.53766e-05	0.000866421	0.000995401	0.000320234	0.00191962	0.000874029	0.00045687	0.00169488	0.000786005	8.97349e-06	3.29305e-05	0.00010333	0.000331805	0.000218516	0.00509839	0.000158205	0.00196676	0.00122063	0.000195618	0.00297359	0.000300288	0.000845433	0.0051586	0.00321013	1.40678e-06	0.000473914	0.00210617	0.00256476	0.00018832	0.00311785	0.000142591	4.61378e-05	4.39094e-06	0.000486639	9.54712e-05	0.000239194	0.00283264	0.00118576	0.000567103	0.00252175	0.00195867	0.00153317	0.00123126	0.00033719	4.75315e-05	0.000109281	0.000627392	0.00485921	1.79209e-06
0.000223238	0.000448132	0.000547901	6.57467e-09	0.0191986	2.65511e-05	0.00134067	0.000542588	0.00112901	0.0114342	0.00194094	0.00193452	0.000899439	0.0067305	2.47024e-06	0.000978752	0.00127251	0.0053681	0.00039283	0.00110269	0.00285049	0.00181669	0.0027451	0.000401972	6.84354e-08	0.0134503	0.0067329	4.96212e-05	0.000134234	0.00191352	2.16548e-06	0.00168882	0.00229618	0.0020381	1	0.00668716	0.0119938	0.00295516	2.61267e-08	7.42872e-05	2.21842e-05	0.00673216	0.0118697	2.78556e-07	0.00597704	0.00129001	0.00216966	0.00124413	9.02138e-05	3.43213e-05	0.000125455	0.00300509	0.000188325	0.000640474	0.00143753	0.000287694	0.000195392	0.000220452	0.00333706	0.0015491	0.000139299	0.00310993	2.785e-05	1.85121e-06	0.000123125	0.00830444	0.00251696	7.28649e-06	0.00366393	0.00209144	0.00574955	0.0013912	0.00178488	0.0028064	0.00417833	0.00213333	0.00145193	0.000447905	0.000633655	0.00160641	0.000460508	0.0016354	0.00196571	0.00109787	0.000718147	0.000586634	0.00262548	0.000319258	2.12535e-05	0.00103885	0.000200791
0.000493533	4.77526e-05	0.00929634	0.00340383	0.00141005	0.00261295	0.00297031	6.56726e-05	0.00020499	0.0024482	0.00035241	0.000791509	0.00399532	5.27198e-05	0.000502424	0.000902746	0.00209743	0.000398276	0.00011994	0.000153869	5.11317e-05	0.00288892	0.000316934	7.17545e-05	0.000432828	0.0049384	0.00604798	0.00147992	0.00171656	0.00117512	0.00291629	0.00668054	0.0013627	0.00110807	0.00668716	1	0.0127514	0.00294915	0.00161111	5.91478e-05	0.000543471	0.0144851	0.000243984	0.000153701	0.00391758	0.00190647	0.000116185	0.00546361	0.000701632	0.0106584	2.84816e-05	0.000190796	0.0110928	0.00328139	0.000722961	0.000665819	0.00318351	0.00296455	0.00382056	0.000114765	0.00134898	0.00386491	5.00941e-09	3.29246e-05	0.00410089	0.000682905	0.000565469	5.84907e-06	0.00647772	0.0157174	0.00225588	0.000147567	0.00101625	0.00329942	3.55284e-06	0.000145613	0.0010765	0.0061526	4.31415e-05	0.00594069	0.00543896	0.00197778	4.50932e-07	0.000673075	0.00124168	0.0111107	1.73935e-07	0.000591518	0.000599208	0.000473982	0.000969968
0.00563674	2.24054e-05	1.11029e-05	0.00389686	0.00379397	0.00453165	3.8316e-05	0.0065325	0.00209553	0.00175781	0.00242747	0.000544859	0.00038403	0.0010062	0.0030518	0.000449011	0.00144383	8.55876e-05	0.00638967	2.00272e-05	0.00010925	0.00510166	0.000124458	0.00187119	0.00169998	0.000916805	3.93333e-05	0.000681585	0.00104098	0.00104833	0.000440007	3.66275e-05	0.000314668	0.00437919	0.0119938	0.0127514	1	0.00875435	9.98665e-05	0.011595	6.4539e-06	0.00025174	0.0106258	0.000324502	0.000535711	0.00273642	0.00219068	0.000226977	8.46884e-06	0.000441006	0.000468079	0.000809708	0.00196275	7.34647e-05	0.00760664	0.00127742	0.00060556	0.000296988	4.91072e-05	0.00299089	0.00788016	0.00224398	0.00236821	0.000177795	2.49266e-05	0.00398575	0.000269393	0.00014589	0.00205165	0.000938162	0.000307589	0.00144486	0.00153074	0.00663624	0.000260007	0.0103714	3.4869e-05	0.0013419	9.76047e-05	0.00248875	0.00150635	0.00365716	0.000331304	7.01919e-05	0.000198391	0.0001914	0.00520464	0.00232521	0.00425571	0.000790192	0.000794057
0.00171403	0.0114312	0.00209169	0.0171727	0.000722205	9.02252e-06	0.00181976	0.00325982	0.00095031	0.00124478	0.00406745	0.000418909	0.000109879	0.0036133	2.28638e-05	0.00310207	0.000531365	5.36882e-07	0.00104747	0.00165345	0.00351012	0.00226053	0.000963761	0.00424534	0.00122275	0.00422386	0.00442908	0.00429506	1.24703e-05	0.00442452	0.000890154	0.000639379	0.000642724	0.00076977	0.00295516	0.00294915	0.00875435	1	0.000206504	0.00219864	0.000833545	0.000467197	0.00465199	0.00445318	0.000239929	0.00585207	8.68454e-05	0.000294903	0.000107532	0.00355229	0.00722079	0.00508248	0.00176615	0.00170781	0.000658905	0.0037835	0.000113849	0.00264915	0.00193353	0.00147462	0.00517959	0.0030401	0.00838236	0.000584703	2.80625e-06	0.00427127	0.00708207	0.000519679	7.50272e-05	0.00147177	0.00253112	0.000882188	9.72625e-05	0.00361782	0.0010252	0.000155059	0.00271353	0.00176372	0.00127314	0.00330574	2.29555e-06	0.00183633	0.000467276	0.00233581	6.22976e-05	0.00097226	0.00010587	0.00115871	0.000327437	0.00169392	0.000497319
0.000591903	0.00039668	0.00461884	0.00288266	0.000603726	0.00138644	0.00680691	0.00511034	0.00175794	0.000446448	3.91673e-06	0.00406578	0.000995294	0.000374691	0.00141738	0.0034943	5.62319e-05	0.00355227	3.55702e-06	0.0040559	0.00015438	0.00107571	0.00605487	1.02453e-05	6.67458e-05	0.0226841	0.0039902	2.40548e-07	0.00050938	0.00054468	0.0137253	0.000204631	0.00355769	4.77763e-05	2.61267e-08	0.00161111	9.98665e-05	0.000206504	1	0.00384808	0.000296104	0.00130849	0.00151558	0.00130912	0.00175485	0.00102072	0.004655	0.00511127	0.00298423	0.00228444	0.000139318	0.00351208	0.00368491	0.000229768	0.00378016	0.000352685	0.000530168	2.22229e-05	0.00311723	0.0103748	0.000285145	0.000283435	0.0027918	0.0014068	0.00868836	0.000350781	0.00397744	0.000112988	0.000138513	0.000147213	0.00388743	0.000694857	0.0113986	0.00324529	0.00174928	1.69296e-05	0.000954793	8.41334e-06	0.00031319	0.00136706	0.00101371	0.000435074	0.00128656	0.00907405	0.000368971	7.00102e-05	0.00106824	0.000888658	0.00182106	2.69533e-05	0.00185335
